1010101010011
0100001001000010011
00101001010011
0010001000100001011
000101000101011
00010000100001000010011
0000100000010000100000010011
00001010000010000001011
00001000010000000000000100010011
00000100000010000010000001011
00000100001000000100001011
00000010000010000001000001011
000000101000000010000010011
00000010001000000000000100010011
00000001000001000000010000010011
0000000100001000000001000010011
00000000101000000001010011
000000001000010000000001000010011
0000000001010000000001010011
000000000100010000000000101011
00000000001010000000000101011
000000000010000100000000000100001011
0000000000010100000000000101011
00000000000100001000000100001011
00000000000010000010000000000001010011
000000001000000100000000100000010011
00000000000100000010000000000010000001011
000000000000100001000010000100111